2.161701 2.270980 2.344359
2.199337 2.277081 2.325043
2.224466 2.274614 2.327549
2.253755 2.278351 2.259980
2.176900 2.265458 2.335326
2.230322 2.274893 2.263759
2.271229 2.285343 2.271875
2.265242 2.265957 2.235895
2.175050 2.266426 2.325207
2.256121 2.274962 2.280037
2.246066 2.263507 2.249011
2.311771 2.287423 2.223058
2.213793 2.260149 2.278655
2.252308 2.287681 2.257551
2.266211 2.277076 2.247486
2.344534 2.268056 2.187292
2.171598 2.277195 2.345058
2.224151 2.268819 2.341689
2.227996 2.276143 2.312612
2.257436 2.272593 2.255661
2.208081 2.277002 2.328696
2.223692 2.284694 2.261102
2.271223 2.291059 2.254795
2.294460 2.272283 2.207956
2.199463 2.269581 2.306819
2.266123 2.284830 2.269803
2.264970 2.269171 2.238371
2.336569 2.280532 2.199938
2.202253 2.265579 2.274083
2.264521 2.284066 2.230246
2.313813 2.264850 2.207960
2.335859 2.274276 2.188667
2.213910 2.269176 2.349790
2.217322 2.270515 2.256363
2.235351 2.275293 2.263093
2.262379 2.276784 2.257402
2.186458 2.278126 2.312018
2.251915 2.282454 2.250553
2.271093 2.284828 2.256706
2.332113 2.278285 2.213339
2.192107 2.263050 2.294083
2.251357 2.284883 2.272054
2.264127 2.264739 2.235256
2.296998 2.267613 2.196884
2.250578 2.259513 2.260140
2.287151 2.282981 2.245430
2.322316 2.263157 2.183623
2.374217 2.272872 2.178889
2.224008 2.276258 2.338854
2.230857 2.275521 2.265871
2.259724 2.276398 2.258955
2.265864 2.272907 2.221180
2.215869 2.279069 2.306646
2.259461 2.290084 2.247719
2.256415 2.273071 2.227202
2.338621 2.277022 2.172160
2.235027 2.270250 2.283484
2.292896 2.279964 2.240380
2.298028 2.268030 2.206380
2.336605 2.261391 2.194197
2.258988 2.269252 2.259862
2.324528 2.284725 2.231672
2.324081 2.270209 2.194231
2.367414 2.274776 2.201786
